-0.312735635223748
-1.01343978222285
-2.44231034082711
1.38093391698155
-0.402698811902321
0.750207218816786
-1.43852310767794
-2.96547897682974
-0.793466162671921
-0.732226165095103
-3.27126476180265
-2.51159008303231
-0.0596853413668757
0.0481782920695916
-1.07927531523173
0.0471691328408662
-1.30436833801647
-0.231625507334551
-0.480974028288479
0.590622157652369
-1.66434153129365
-1.68083345218316
-1.90195765093789
-2.59255904744255
-1.28212374321064
-0.947915501913577
-0.0655839995584892
-0.265124535109427
-1.54653834458146
1.75830344500889
-6.79278838455781
-1.72625959016616
-5.03171885787178
-0.600222766917475
-5.09502655687027
-5.23375274444069
-7.86791272421263
-6.68627057519566
-5.7072155891941
-3.25530793638471
